0,273
0,270
10,135
10,129
10,235
10,261
10,29
10,259
10,253
10,2
11,25
11,18
11,15
9,5
9,1
9,7
9,2
9,3
8,13
8,15
8,8
8,10
98,4
98,3
98,2
98,1
98,0
96,3
96,2
96,1
96,0
95,3
95,2
95,1
95,0
94,3
94,2
94,1
94,0
93,5
93,4
93,3
93,2
93,1
93,0
92,3
92,2
92,1
92,0
91,4
91,3
91,2
91,1
91,0
90,3
90,2
90,1
90,0
20,3
20,2
20,1
19,3
19,2
19,1
12,3
12,2
12,1
11,28
11,27
11,26
11,24
11,23
11,22
11,21
11,19
11,17
11,16
11,14
11,12
11,11
11,10
11,9
11,8
11,7
11,6
11,5
11,3
11,2
11,1
10,292
10,290
10,286
10,285
10,249
10,247
10,240
10,229
10,206
10,191
10,171
10,159
10,156
10,149
10,147
10,138
10,137
18,1
18,3
14,1
14,3
13,1
13,3
10,134
10,113
10,106
10,102
10,93
